3997641423
3406612460
3617973549
3523391129
3073857302
3050864945
3796736710
3741570212
3847042368
3849917754
3797087792
3017030364
3829224378
3835095777
3459530800
3252684061
3027910210
3927768750
3296825225
3019128100
3415729576
3869966726
3237904162
3303868279
3527629668
3708585858
3263782778
3305908981
3087008538
3853703150
3979691096
3554958271
3008578821
3825432642
3133163495
3223282721
3015764885
3146805131
3279137197
3829287145
3233603356
3224262746
3334722169
3165476145
3430742932
3376123110
3601391430
3949373273
3740935724
3468584905
3627869112
3316506436
3791664053
3844007312
3505383392
3798259255
3601623917
3575360530
3020961912
3829334357
3997385386
3239878194
3569329013
3957974096
3315063384
3784839779
3638658962
3165536940
3334509926
3242517335
3328610740
3240508356
3048398703
3359997285
3454948477
3468673266
3355552449
3688259442
3619683170
3321522469
3284110371
3192825773
3541583164
3592523615
3098044051
3001635530
3739170353
3112972819
3411252841
3230331442
3091721699
3055558552
3276966135
3494738899
3100616982
3300334751
