3389111171
3084139821
2042987557
3002971205
4027510005
2672624958
2738655513
829092966
2633362063
962559107
1093805409
962587854
860894674
3655813037
3584847826
3191201105
2911101028
1310972635
3628597686
3381601262
3092867210
2622879300
2937656991
1872448827
2027309548
2136321268
3252490845
3692477288
72726709
263809025
388266878
3805909048
3006661105
2400255462
1592815009
616946658
4125253457
1894299039
1826657357
3869760332
3942096291
4196962272
650737436
2765233509
2648460118
2721002355
1443607338
3718361383
2813098644
4226629241
1180688000
2121584357
724579447
1117812916
1530323167
1709400583
1133912448
3841604218
1476672215
884250997
1002348142
1627011397
1076126967
923743962
3894377936
1825409742
907752744
1662780807
2121423049
3968988679
1493249476
1567049265
1443871119
207789827
2665534169
3207734048
659579441
1831990360
575250115
3743157485
1796461005
4057262831
3530410642
668701307
2440047106
3736759803
15234333
667584176
4066184225
1886451804
2272934004
938779823
2703660895
2525182596
4018511418
1772851305
2235246993
2430720536
628175963
299474548
1273168757
273733572
3144435095
2633701326
4211238376
1111838367
3524972486
3560542704
3731969181
1211268588
592709181
1007944539
2619667409
1380973866
2991984838
3888342105
961152600
1122170712
869103479
3388555971
665427334
3359940053
3768241039
615465185
4062591317
2237893018
3266084952
1411004866
720401177
842612503
333431731
1545097157
1736380347
1586847244
1355937599
4003953246
2574173112
663250219
1981101797
1848209715
4012012906
2066889296
2839013476
4045268861
4008157811
2637445221
1688535857
839215811
1500849119
3668171989
1828316838
677763140
1119181405
2169860784
3112238724
4293715631
3909568483
1398012131
1876994406
2615751316
324655747
1231104955
744356947
3519479534
4195001948
3252170343
4243111108
2445008977
903398518
2014023660
1691291392
3053498093
945374663
56575796
761055821
2053712420
3330615544
1988057494
3738784048
2698257310
3145110617
3839569303
1741795387
1008093370
578984872
2934542094
3187112867
2389930833
1292274856
3203924750
2727536461
3436844845
