2087396436
2076693313
2108532784
2091844883
2008912712
2028371394
2025295977
2122204845
2130356512
2098456718
2023756960
2081126760
2083871603
2129086367
2022657269
2125358484
2071315916
2038284347
2053278340
2132359492
2068096722
2015514170
2116657873
2102263140
2083795155
2026220353
2078333068
2112659342
2011499666
2078856977
2024138400
2111040405
2142707551
2096456210
2020246727
2136610952
2036729849
2040966188
2052781987
2086037746
2146192870
2145488770
2067012755
2028597651
2020619234
2050794585
2057800956
2078971004
2087118169
2084858291
2136826070
2134715522
2111591596
2077848612
2130969887
2101413066
2007894123
2056295476
2089840489
2123458419
2104025419
2038537373
2057234851
2140264644
2101220304
2078019151
2024298177
2002815798
2124959132
2056514722
2089751734
2102376855
2028595237
2018175270
2145984430
2105407014
2020763123
2011042249
2000543351
2026623280
2005581507
2027556342
2060895633
2071392037
2035021981
2034018386
2142484804
2137855994
2019592415
2118014047
2063062193
2145519086
2057006066
2087578872
2115531527
2019743117
2059628253
2082341449
2040692670
2042642609
2059333995
2006405080
2139057289
2097440413
2033169895
2052015615
2111163555
2081697817
2144636192
2048199473
2077425725
2052188448
2018316256
2102722500
2027088212
2011270730
2035309333
2000010804
2137522016
2146264658
2002632644
2017366746
2030217063
2052424015
2100093831
2028092530
2092410288
2000026860
2132107514
2014496740
2044250163
2141662077
2085579925
2091254689
2072623169
2121422308
2133554493
2114778517
2059141070
2081429519
2101869668
2040836766
2127765993
2018127285
2012208449
2111064012
2091438140
2079295624
2076761840
2139283136
2099973946
2092340697
2053414554
2064685211
2098604095
2017139541
2015478581
2058719304
2117832199
2142413635
2100733375
2054626341
2038154428
2054237933
2110140037
2112753963
2094442570
2107311792
2096545675
2071542646
2080938219
2040214549
2079771568
2040196196
2117719273
2021557853
2043659061
2013109182
2146674661
2003990659
2113141213
2131385493
2068744818
2114007968
2083865085
2102674383
2143869068
2003516370
2032231207
2047590607
2075770370
2010040442
