2825654166
2742807292
2894855845
2733401755
2861302546
2573597253
2781169015
2667909150
2709708980
2733580940
2548918344
2660772115
2540470214
2766388258
2752928385
2555514464
2694695743
2894316260
2832467494
2743687989
2838926281
2558385932
2736093629
2544328892
2858725238
2702836891
2789282674
2705582172
2715587874
2692147715
2868003838
2739029802
2680261440
2551080192
2502308482
2813832570
2515829757
2846620148
2813910517
2770442952
2889646967
2887952070
2792686071
2642654224
2540076623
2688877423
2540433069
2706721337
2795205179
2697481513
2839636027
2616235199
2850690596
2644296404
2838963550
2550423852
2886865402
2795100383
2536475534
2864048454
2586607378
2584531568
2533507419
2860342369
2735447405
2599463621
2883336741
2769988615
2688569831
2628745584
2771279702
2779047312
2724652561
2769788379
2606537751
2765363822
2769739939
2657062769
2684609051
2625051644
2892619186
2510961267
2677042407
2604637939
2655425949
2649334850
2705314923
2755176989
2550355338
2607438462
2555182529
2580447233
2819992910
2748663038
2687112636
2747732054
