216347
231250
881870
439843
485595
430588
454587
432114
806998
761934
966117
944171
452039
685336
954161
265348
732872
836971
498154
749551
561342
352734
195743
252109
642029
844739
307073
189093
515560
650887
373183
547005
507465
740250
604816
783157
505322
940007
464419
453945
770018
878081
712443
901661
293128
977644
837747
533869
296187
291557
743015
902442
252846
665908
712794
756981
854376
211540
479977
893625
944166
891795
447864
498487
478885
642340
515792
362979
633686
326120
925207
657306
198006
345006
453012
573751
457120
609060
390577
603892
702757
971608
200296
279406
526243
494380
352023
902363
282669
448305
629326
566245
235635
354898
187814
276915
357991
278073
264476
935563
487786
851244
754922
867013
506126
212869
975684
343901
933056
634959
430036
855243
267034
781371
344744
834173
332234
815050
622572
961172
960545
927435
310072
494257
409050
725805
413579
567041
