221168231
1920059199
3950380451
672315199
2227223095
2590384584
3193779877
670547267
724459465
1956491870
1726372252
3373854246
2735511874
1409247868
945526433
898301991
2908686384
703886176
2074546300
277890685
4003261724
3374388229
3579194240
3624249781
4164731045
907119932
1060720534
2552626292
2544756049
2777515799
3934911227
1078552699
1752127551
2634562323
580296128
1542197864
3424861223
218915680
1729495040
3244657607
490187711
2877695391
2021446710
3953583905
912065911
3564797863
3422993078
592549529
422295846
1637898470
2222495466
2867047117
3593623409
1155838045
1902994000
3747878682
2521022789
2699442267
642911586
2004022512
4238294055
4009310044
3906698072
3832967878
1807664505
3736455507
1890345545
3088204491
2408002087
1084317939
890033910
1330315353
3325564621
2610623305
3828145079
1455450437
3931227532
3666317895
3367615770
1946551785
827957498
4210328302
2134777094
881917841
3758528681
1262594342
2596607418
3992523386
342760644
3313993483
1492219068
4152087191
2996089438
3143509404
2829504469
3989233382
1594809755
1217627830
1678967486
2741073267
2894818576
3262863703
3214684059
1027708350
838655820
345075540
3176715644
2376253214
191148313
1630404654
537698647
1977506975
626789455
1348882116
1490640927
3437423915
2449930701
1121303941
3196228605
221625900
24556962
1484661926
1712368201
2943481395
46933808
3325848625
1838686533
1615212051
3077125892
3628515777
521944176
78643303
4091624044
424169325
2736901382
3928974787
2657888800
3470250473
3975695974
553340302
2148863229
3466317101
2177125869
3963856988
3430078599
501265473
77119178
3314514082
1754403896
758252554
1769140432
2168326043
4083787026
139096914
2787104188
3800051595
3860823799
2467696937
2789873607
1396082377
2961792469
1665231446
2745475334
2346939559
3840152169
1788932728
157107374
3981246462
1780000722
142926489
4167918617
432899512
367970204
3767695214
3591056672
497366573
226378736
227037330
166980087
2643061300
1830019208
2144119248
886455653
289854918
1774838720
2741261958
1642432845
3298125983
2874185874
2290196659
3426826906
615974528
3953324584
182979396
3879414848
2944264514
3140444871
3328242665
459534450
4068399536
3643199484
3445337000
2779069769
1230070575
2210047840
3513994582
2097617647
2002415814
2374688748
259102071
4051111250
289098193
3349042839
4044180378
2829709403
3536174734
1723649454
2852750348
1326134440
2657104853
2678033399
3552256740
641696782
3593834163
3816351097
1775950232
2895198441
2680515023
2331095210
3546778586
497004349
836103160
2873653819
3864275215
1314299420
3853905853
936061274
3589899148
1573096362
3056325930
692740207
48622313
2865839165
456309548
1499224237
2949970050
1771721319
3506774860
90884049
2499468467
3489932494
2685578304
1625133350
1257928623
3777389047
1430772651
