826101762
88706269
1123914361
1681658530
1294640583
692964765
217731170
791006014
529637273
1781910839
280357653
991786082
55475422
1915794536
1417772135
764448740
968395875
937161708
628296280
988177621
1883337971
1159050931
324249374
372625905
849150165
1729745072
174015626
1954316548
1230344216
1279738591
586651730
1276865964
822443271
789175025
20100105
1085230552
1624362658
347344115
312356725
861444438
451615936
364627971
1066210165
526140442
695473956
318877659
1094219417
879352487
398454263
784192818
1046211621
210954659
924011995
1569944101
34530379
1189536803
154654513
1186748899
308475090
213098712
1245982552
1357267527
618033463
1140963883
160725159
233590814
422435281
1930269405
1467373226
1251018961
41281430
545828479
1955614470
157692879
518339255
1486440433
1747933378
1418466092
1624805152
1375966000
1687551834
531449467
918088976
781073890
1817826113
1923718209
584493222
954794345
1109085272
825284871
1645729774
34563576
1142149615
950382055
428740973
768890311
1547818626
1854365277
1222441384
878440171
736194822
1766423682
1488279783
685639645
962742503
869745058
1315992231
941073737
1411404277
1469351291
308606681
260736158
743678570
365554257
1500137520
1212157452
1978800389
1789435814
855969822
980066881
1124943942
662413080
662868457
1749945741
1241452385
72639054
1183329859
744811250
1735719926
338634011
1777327961
1722711439
1675116625
1194826469
274400783
971057595
1428282260
364046139
1740615999
1146998008
1413671675
693290162
1399254090
1062388642
1260009693
228660172
741642406
255962401
1808828190
1734997349
63629299
1777989688
936857442
1741320664
431991862
208727478
307193744
1345623884
871931230
573863892
331462518
1033269901
1504669754
371063617
555220982
1973098020
319697365
1957665329
1705711115
1601910288
183837943
265393696
484570007
548755135
1114666717
566066840
166282201
518680880
643483619
1536039467
246365888
1528942666
342446918
1458872090
1752827889
450915004
1807906862
11855327
1069848759
1372381674
785001378
559636726
